minutes_warning=30
beep=true
calculation_method=4
lat=43.653226
long=-79.383184
